 4.307626726389766
 4.212282284852062
 4.125656490168998
 4.160203689651237
 4.08909934808018
 4.068859123008817
 3.894650380757761
 4.004036802608099
 3.909430337468109
 3.8096822846708003
 3.6603916109146746
 3.7932709674771496
 3.5696892799425624
 3.540138842593199
 3.404693953674885
 3.399701625030906
 3.388643129847991
 3.228124235098984
 3.274854118907949
 3.1009937778796135
 3.0647125700038296
 3.0934890856986357
 2.892896681660622
 2.6469016950883777
 2.6051964003849593
 2.6481970119599887
 2.5570563028117577
 2.3472029091808837
 2.451753579689973
 2.238672727793915
 2.3727294269611887
 2.2850917545637413
 2.248393622345316
 2.223658079005692
 2.1817559328743514
 2.021570462715837
 1.9101801580246531
 1.88791767829206
 1.9006465942527935
 1.922250654071685
 1.7392107006978454
 1.7710455977443809
 1.8352672013478994
 1.542290474661796
 1.5643039653626396
 1.4345470445086466
 1.7371061033337516
 1.6086068039618284
 1.6487689595354318
 1.7141450153439357
 1.6359194145570326
 1.5330059721915126
 1.6811143077252557
 1.4119609238320159
 1.572705048468717
 1.3829317077346825
 1.4290119537662342
 1.552477288753637
 1.3257162413281864
 1.330387570207793
 1.221573954129988
 1.242250715724143
 1.4590085277672764
 1.508788412418213
 1.4008576187655157
 1.5877805584583877
 1.4536361303432632
 1.4342614650859753
 1.1603355683600156
 1.4792121518373318
 1.1975665386393393
 1.3240989894166808
 1.2245783701886437
 1.2551460169705269
 1.4390960764947098
 1.4378177375350685
 1.5812339456034676
 1.3286771602109961
 1.3860135563481133
 1.4225001608345975
 1.329780411727292
 1.233130400193566
 1.4369553871872707
 1.237589262028958
 1.2681606076941991
 1.295407785274164
 1.4369521175546789
 1.315968903704295
 1.2239586800649533
 1.2320649134486872
 1.2205822913751794
 1.4525534332240118
 1.420927315510152
 1.2452896543832412
 1.3114644422719712
 1.2501111166034722
 1.3790743048907512
 1.3572022453548882
 1.3935222092432784
 1.38640221893175
 1.2494434617686383
 1.280268658521794
 1.2912593486471682
 1.4455149341740436
 1.1865831111189244
 1.2174267289844656
 1.1675818394108695
 1.527854600669264
 1.3418067231997923
 1.4474412332594337
 1.370887196378364
 1.1804197944066892
 1.2942164963635252
 1.3490422933982493
 0.9971516501671766
 1.175066663853348
 1.6947443460062317
 1.1714544533161408
 1.264252664200855
 1.3442248785473498
 1.355625927946062
 1.2614201491961472
 1.1736455835708972
 1.2610711522956823
 1.2903437183862203
 1.5531339478630488
 1.2021206918027376
 1.103204619881679
 1.4746938065462853
 1.1208514285535154
 1.3496297698682171
 1.3735158190044656
 1.4030018542333194
 1.3742063489935492
 1.3474634360582929
 1.3980187565868902
 1.425979812486842
 1.3982906693881392
 1.4256195295798904
 1.2631913109804895
 1.2770554709827326
 1.1842301176714523
 1.1869493349318951
 1.2669001377203049
 1.279970940506403
 1.2025180664654027
 1.2430961856072062
 1.1514696711689056
 1.3791500586879462
 1.444063396027521
 1.2717530657747862
 1.2654600909072624
 1.3281463847522943
 1.4108241785135907
 1.1584184395548536
 1.3394641152037836
 1.1460936021415784
 1.2326219539528438
 1.197064900197889
 1.4627032850439603
 1.446174112013705
 1.1205090633336352
 1.4197272658744402
 1.2815856880426548
 1.3132606312816664
 1.3793447705896915
 1.264384270836151
 1.339382099337626
 1.2324813391115945
 1.36238929684627
 1.3315928062624567
 1.1942881210369936
 1.288064139456265
 1.2927886825845643
 1.2724634702770345
 1.3767890657922794
 1.1586443294478759
 1.390837233740824
 1.3126906545033123
 0.9781295421069195
 1.4438779130914838
 1.3066597507482693
 1.373741446695146
 1.3639412717001405
 1.4723443265099676
 1.3181912777842546
 1.0857193908611527
 1.4518191630994948
 1.536852785885955
 1.4512993762276285
 1.1429581148575736
 1.2736040171546055
 1.3014950416518434
 1.1794976890247062
 1.4986741033930109
 1.248628978289675
 1.2026714442841675
 1.3182253636383998
 1.2686490152263696
 1.3839328250089749
 1.454606476306918
 1.1773741737750039
 1.320865451798629
 1.2769793790553774
 1.2030285824542704
 1.5071919180049882
 1.2438361559866211
 1.3317330443970283
 1.233108851099398
 1.5512574904133898

