 3.8619768771314433
 3.8378885637205573
 3.8964323765584186
 3.893124079867375
 3.780766331573688
 3.855230049534046
 3.890754094712231
 3.8144654885746103
 3.877142668078896
 3.918886494033646
 3.8083384116978407
 3.8381710848594217
 3.8798610716801676
 3.8052155853135954
 3.8555258620974864
 3.858105072162716
 3.8280435752497697
 3.7785042249268335
 3.78171870114282
 3.8565353509077016
 3.809111320414808
 3.7125895035019947
 3.709049772464433
 3.7859950469985195
 3.840164677664627
 3.7807083878454177
 3.696745482320973
 3.692569405282267
 3.7831824785453527
 3.8448537535100558
 3.7979209847292776
 3.7535071714824757
 3.750097430852351
 3.7766872230478117
 3.6451298738200038
 3.706091667003752
 3.7306164160204744
 3.766760596123965
 3.8599187549526928
 3.6848832919424197
 3.7014422660064663
 3.7087409749471814
 3.701330702108378
 3.6876035343942504
 3.7598464121154533
 3.718960755524011
 3.6577325479712535
 3.6607869699532443
 3.695677913166398
 3.745730844753365
 3.7498816910600197
 3.641662205901439
 3.7077286822081725
 3.6864449441252116
 3.6650108542109185
 3.684413092182903
 3.7965750839725056
 3.6603749677220074
 3.725102099738363
 3.6806115864110325
 3.716348882073256
 3.64808497836537
 3.6734043586284124
 3.71421503572512
 3.6141765366430327
 3.6609419430651693
 3.627439674535472
 3.678405688214583
 3.646904506209854
 3.6792235424212865
 3.5195319976356076
 3.6682834006943295
 3.5911621118450983
 3.59964101594125
 3.622363488203146
 3.5980739327863573
 3.7181170404173876
 3.622124549717019
 3.5863906023010133
 3.5948754522740622
 3.559972537427376
 3.630404127777135
 3.530083085955905
 3.572984561880728
 3.595658816916711
 3.5616103208486383
 3.579575352122726
 3.5108926114853674
 3.516662639578266
 3.495429193108098
 3.508004799174067
 3.5338862964011124
 3.586582062132781
 3.6445237353900963
 3.4769325723562825
 3.5010443039944854
 3.498879312292877
 3.572579252194552
 3.551525669659329
 3.560217918083909
 3.5426541956822466
 3.409894677950201
 3.42801574144095
 3.5296636704683495
 3.477101093313531
 3.448573588410303
 3.5214914633127745
 3.5569655431124056
 3.4849977343938443
 3.496133691799489
 3.429127003838533
 3.3697781855354574
 3.4041726261039233
 3.4601940788368637
 3.4341504819795983
 3.39166406025824
 3.395057638613887
 3.3953978804665357
 3.437113492705724
 3.374941675942529
 3.42109863564817
 3.5030803448734122
 3.387483016893654
 3.4577601961070337
 3.4123835328585157
 3.438580109957255
 3.394433128273757
 3.3721972282912036
 3.461453995625844
 3.253994136051126
 3.328962271422962
 3.27668038839153
 3.4878539130613304
 3.3382532223935604
 3.37305107660407
 3.3331441357789435
 3.3367710760848843
 3.347791632485805
 3.299478435917887
 3.4001798438822166
 3.3692716778879634
 3.3202910192656514
 3.3924005846358667
 3.3357794302002963
 3.357805541317567
 3.2843990215747434
 3.3126451021116363
 3.284730951823399
 3.3660323834463846
 3.3505582582691895
 3.3028861106841827
 3.272920322916903
 3.251806510394715
 3.378487946947852
 3.272416147875519
 3.3130936066984074
 3.2428145701508964
 3.2494780746200718
 3.1839329501234785
 3.3834679563559695
 3.2170971319623978
 3.2347845826954074
 3.286236571961265
 3.2706853721076827
 3.2473505219947993
 3.4110861071395076
 3.253810472872491
 3.230289942892177
 3.2776375075827477
 3.223501723268757
 3.291637999110407
 3.207781436946111
 3.238284586833353
 3.1937519987005007
 3.317800433483487
 3.24537266451994
 3.2689175782376596
 3.1950981449727567
 3.3434616221267475
 3.254501393547551
 3.2412647222644875
 3.2790581364836524
 3.1975605155036892
 3.2410619636693023
 3.1456183846517884
 3.212489092011491
 3.268290352158613
 3.161600195508065
 3.2247261198637176
 3.2476573726155094
 3.1546092540585198
 3.198493872545196
 3.188866415800364
 3.2373046071374825
 3.1034774085679366
 3.090977658763678
 3.114663563130633
 3.1605654983830225
 3.1239749175773697
 3.1380797828257454
 3.148034052656513
 3.157006851781303
 3.115664878284432
 3.1782687030071886
 3.1226604550598926
 3.140010237499932
 3.1616215331849915
 3.151164448760848
 3.0729279152686493
 3.04677021283201
 3.1242209281645907
 3.0533680859997294
 3.1063781618135677
 3.107290447168891
 3.1196228555921834
 3.130921814098787
 3.138891881698735
 3.112856112657805
 3.080825140384661
 3.0571065719574038
 3.077097810676691
 3.044252429960397
 3.042912863875437
 3.1378616297380213
 3.0774533233046064
 2.9701796195546764
 3.142018511305598
 3.0647877811273507
 3.067199369348869
 3.0131769980700005
 3.0884148403091194
 3.029248075981941
 3.0162303134204236
 3.0839142957084347
 2.9995093341029637
 3.0345697042173803
 3.1304215154745405
 3.007560675250637
 3.040898407062191
 2.9584345843913646
 2.995921029310856
 3.019775131619457
 2.9498990779766827
 3.0381860774516696
 3.0504957366703542
 3.021940545621788
 3.075023373577349
 2.951968572335863
 3.1358249402515668
 3.0693021957740845
 3.0190141620966493
 2.9045349319029086
 3.030859899407892
 3.0613358483109034
 2.9767768257137575
 3.054184182338935
 2.897300225251095
 2.9213513308082395
 2.9614554694941724
 3.0052552079313606
 2.953474877482512
 2.8935002281719195
 2.9516503305842146
 2.936583664556189
 2.882958851208881
 2.9271537671713355
 2.9529590264456576
 2.888934268772114
 2.8504856538213588
 2.984271346992695
 2.9276512239476573
 2.8601022925682815
 2.929624049438983
 2.932076051051415
 2.8992865893300936
 2.9557783727660643
 2.8101192747337143
 2.9060372737483666
 3.0149892354528345
 2.8592908907375776
 2.9889082920957
 2.9648107224448923
 2.9921389811929306
 2.8835359441746844
 2.935050319454319
 2.892163593343041
 2.8406511368281806
 2.9771410320528635
 2.833589743850447
 2.9371173149611085
 2.8518430359379265
 2.9362049169481894
 2.950230317191391
 2.8968171483970186
 2.798034098991361
 2.9079252595404435
 2.8593162092163467
 2.6928859611481637
 2.889761628747487
 2.89435375869284
 2.892216649002227
 2.7936085784181746
 2.7755037674036624
 2.9715573441726404
 2.8497325506394047
 2.8532361653031857
 2.8653075266346706
 2.9762106422443697
 2.81731724622136
 2.8155378778850633
 2.7546257202049698
 2.837693790112222
 2.7487917265123984
 2.81493158132173
 2.771827299206518
 2.8341667937697426
 2.8082559668539053
 2.7747002802620697
 2.73081931502689
 2.8442505155865656
 2.7798630326347755
 2.8579273250626263
 2.8243193855597175
 2.851369331905453
 2.8663299807975315
 2.8247845076638787
 2.7948488999961065
 2.889336071190988
 2.8060096041398204
 2.773175984723345
 2.7731000351739747
 2.8375569383260206
 2.8302038754545946
 2.827554565912385
 2.8161093652869957
 2.7317850087586053
 2.9107708568353665
 2.777083452470131
 2.7744729268975235
 2.7229991563609577
 2.8448187962615514
 2.796796728181405
 2.647702177917039
 2.80308104691784
 2.802685574689748
 2.699510226822382
 2.767313789551455
 2.7035198183893407
 2.762921086008658
 2.917093334692566
 2.7894258808356356
 2.6673510170192887
 2.686989764797757
 2.6935940303383674
 2.8267672586122763
 2.823521171709269
 2.7615404273119717
 2.723804787723265
 2.7399317259641887
 2.7506793150723317
 2.642122828536638
 2.7944202880444453
 2.787603859710391
 2.7113439532694827
 2.781940768771942
 2.6523980501976703
 2.7330841164691333
 2.6405271067053744
 2.652660216182012
 2.642166182015087
 2.7204574732798874
 2.7138389874219175
 2.697324789160809
 2.676723769501113
 2.7927285189172832
 2.740753608414485
 2.7241704425585365
 2.754086069820887
 2.6577991337201543
 2.6176264117339096
 2.68810086811565
 2.67463913382939
 2.697235004475991
 2.7443350011580163
 2.754590618708169
 2.7469253101185096
 2.6864784303170715
 2.6687836357472317
 2.6569758807916837
 2.728937342470529
 2.761252344089819
 2.678335493645918
 2.6929927014792505
 2.653669230786528
 2.734715847159786
 2.666399223336912
 2.6203590712451894
 2.5661890636424456
 2.614281176331138
 2.6020146116338596
 2.686691674470687
 2.5965935802765445
 2.6929272443554333
 2.7281944583529953
 2.62996385937485
 2.639171010114156
 2.767660344371539
 2.6625478502168884
 2.616744140158828
 2.6398135631589237
 2.623546976646507
 2.731759816885154
 2.6673341971720252
 2.678464338222286
 2.680857810658811
 2.7354771532368605
 2.681249862411619
 2.626059051947068
 2.501486830796145
 2.680514804029077
 2.6111488441204322
 2.7304382632494146
 2.6248853508216317
 2.6222084947355335
 2.6516637476003773
 2.63597182534656
 2.6455091050259156
 2.602895643792172
 2.704769110880016
 2.6862025445102997
 2.5766560816066253
 2.564936376612117
 2.6849396693939154
 2.592855304857468
 2.660564638408322
 2.7323983412349504
 2.6879437312058
 2.5615887907831763
 2.72722198974656
 2.6449238084373365
 2.719365029836216
 2.5778256790434746
 2.6646327323137764
 2.633881194643805
 2.6278447004698022
 2.616461275046541
 2.565071294368309
 2.6183612389558557
 2.6664946860381735
 2.603219486619426
 2.609633289834028
 2.586085265390554
 2.6072588689919356
 2.5505893980246843
 2.608543137150471
 2.6094868116791843
 2.626366251336776
 2.5366810189842957
 2.6051581996048268
 2.6730059795165855
 2.6283898220106536
 2.555784636905379
 2.570177347635731
 2.6890455188392877
 2.580537380790745
 2.5485861524121365
 2.647844111338672
 2.5971573150380043
 2.5786205912184634
 2.561990274894689
 2.5899805248618217
 2.6577909671103517
 2.604365600280309
 2.4523796101947823
 2.5756021516281113
 2.5730876268672445
 2.6250472935082683
 2.6076679327470984
 2.580740287733838
 2.580640382290018
 2.6003063804506463
