0.8200000000000001 -1.9399233896652335
0.8400000000000001 -2.5470840783100277
0.8600000000000001 -2.9395385088339077
0.88 -4.3960907656795705
0.9 -4.620724184411602
0.92 -4.875720429609071
0.9400000000000001 -5.386134354894353
0.9600000000000001 -3.39661836824972
0.98 -4.199663515203106
1.0 -3.722586495470037
1.02 -4.1297016113196126
1.04 -3.055962758803613
1.06 -2.633613359342627
1.08 -3.3801147069257302
1.1 -3.030524928398195
1.12 -2.196424424021862
1.1400000000000001 -1.647836951366885
1.1600000000000001 -0.7231879428748368
