0.61 29.973362501451607
0.62 29.693972144688207
0.63 24.92265011079726
0.64 22.361642058624426
0.65 18.92650312790658
0.6599999999999999 16.904044125292916
0.6699999999999999 15.239266338515575
0.6799999999999999 13.675511930810687
0.69 11.891142156775253
0.7 8.630076389402726
0.71 7.658182311931347
0.72 5.9671620956004645
0.73 4.621862801702716
0.74 5.491659043380796
0.75 3.271080241503089
0.76 1.2152763922517669
0.77 2.00099338061231
0.78 -0.5766479187773298
0.79 -0.19149062934662334
0.8 0.26064487938680725
0.8099999999999999 -1.5554792596537599
0.82 -1.0163559371981576
0.83 -3.120478240617299
0.84 -1.6708805979035934
0.85 -3.8041609607679963
0.86 -1.8977258356519113
0.87 -3.2876895623917215
0.88 -2.5385985610201414
0.8899999999999999 -4.496423962131735
0.8999999999999999 -3.749394626280093
0.9099999999999999 -1.9994476567446833
0.9199999999999999 -3.777725014767718
0.9299999999999999 -3.4358283391186886
0.94 -3.7922502950222086
0.95 -2.584542660777162
0.96 -4.183836310992677
0.97 -5.023648174079576
0.98 -3.9198191333171
0.99 -4.228964526565085
1.0 -2.306715971832305
1.01 -2.8433121505546675
1.02 -2.9200906718938
1.03 -2.765183092423408
1.04 -4.656992745110176
1.05 -0.7865593969730335
1.06 -2.005321371262005
1.07 -2.628475744352429
1.08 0.23521224942245636
1.0899999999999999 -1.6835803059478462
1.1 -3.2395305495312225
1.1099999999999999 -3.067584017224347
1.12 -3.3118007950187125
1.13 -2.0337414317253986
1.1400000000000001 -3.02179446767246
1.15 -1.0528943275292795
1.1600000000000001 -0.2031506875940214
1.17 0.12027148126347327
1.18 0.18519002517645447
1.19 -2.812896478613339
1.2 -2.3635834814859464
1.21 -0.9601454028072817
1.22 -0.5742161174178437
1.23 -1.8846794659210597
1.24 -2.0859939608444362
1.25 -2.3377877446493502
1.26 0.6251942950273813
1.27 1.0062999874716143
1.28 -1.3420330780467589
1.29 -0.32734688318121197
1.3 1.469997999459783
1.31 -0.04155196924835559
1.3199999999999998 1.06786464971919
1.33 0.8039967094036943
1.3399999999999999 1.6380472376523716
1.35 0.7348149896869189
1.3599999999999999 1.1673712992133642
1.37 0.6472999114776888
1.38 1.4813908249744123
1.3900000000000001 1.715660149213524
1.4 0.08396541648274257
1.4100000000000001 0.41191852690613384
1.42 1.9723686848228408
1.4300000000000002 3.2811426680805917
1.44 1.8753514909722586
1.45 0.09039284435429419
1.46 1.3738349719651688
1.47 0.9855386200117627
1.48 2.1381445475789023
1.49 0.82645088026398
1.5 2.8290264230605886
1.51 1.0009765663779742
1.52 2.5936229231126533
1.53 1.8290523962177285
1.54 3.934398687205455
1.55 2.391524861712443
1.56 2.462419739668346
