 3.8619768771314433
 3.772505344572814
 3.764119967763304
 3.68909463254038
 3.493220056294154
 3.506383978044148
 3.4653525269089696
 3.305056814268446
 3.308110683869494
 3.2819569483434368
 3.0801739033945394
 3.055767042485474
 3.0502208408330764
 2.909725515500432
 2.918485556615474
 2.8746868271624053
 2.8052775924548716
 2.7190116993024707
 2.676397282245839
 2.739484464638753
 2.6610930970736653
 2.520250178583745
 2.504577040520963
 2.6083471259622106
 2.6530884698994006
 2.569966661086352
 2.463333778212335
 2.46770127149569
 2.585353182042575
 2.6534741790786036
 2.5481716776307994
 2.499051568314409
 2.514039585800763
 2.5264004177340764
 2.3496999282081195
 2.4443446685362535
 2.4796330483304376
 2.5139401137261017
 2.638275101154507
 2.4010696550309674
 2.415607273906873
 2.447903149663229
 2.4396169096100153
 2.4320349950915174
 2.534631375693044
 2.4693680647763374
 2.3898710913295393
 2.3951702232419407
 2.483948101133333
 2.5352703945410915
 2.5396447117825813
 2.3928298740681253
 2.4706560966296847
 2.4432994118917835
 2.4340666789217975
 2.4698821371508446
 2.6068648963521226
 2.4202260436691447
 2.5080439417729266
 2.451596735144854
 2.5028144727713673
 2.4167965717894373
 2.4591659678465967
 2.519909835484778
 2.3857181652316894
 2.459725352030449
 2.4332141414751285
 2.4856404614164593
 2.439111642396489
 2.4998053332042085
 2.313765386092743
 2.5077067350367996
 2.397049565994144
 2.422850724393328
 2.4794017318340824
 2.4271363393108305
 2.585574627269486
 2.4612589609079487
 2.4211346220502215
 2.46926738836426
 2.4031114414525105
 2.479813637451557
 2.3688961495146756
 2.4255922776870453
 2.4695116153925976
 2.435364119705793
 2.4575419199344086
 2.371536338456317
 2.408089890857132
 2.3760162448259528
 2.4124095160818517
 2.4587607326202057
 2.507941379033072
 2.579043050091128
 2.3652098272152093
 2.4084234577562107
 2.4121224377014077
 2.5134513037438286
 2.494191527231555
 2.5079576380349775
 2.4796777158339416
 2.328513858242989
 2.3528317609496128
 2.482449484616947
 2.415858413243766
 2.4072234464393043
 2.492985953089364
 2.548082549457069
 2.4536762142360264
 2.4772850787592904
 2.3935684309066363
 2.3311352727509216
 2.3829762939874617
 2.458179934073661
 2.4388196123998465
 2.3975174756863713
 2.4184627586141865
 2.410693925972838
 2.472556280280949
 2.398215215129317
 2.4529385447479317
 2.5719301987164473
 2.42251478143961
 2.5150656348858957
 2.4570469473661802
 2.4991475775773093
 2.4402909510610433
 2.4214981214070073
 2.5358382729404707
 2.2821763087796065
 2.3957820358733417
 2.3425018604959504
 2.595230101381749
 2.407983591748954
 2.45273899632761
 2.4260506938989836
 2.4267441239898786
 2.451207751193352
 2.3957733334395583
 2.5275596221829817
 2.485579855203265
 2.422690703039284
 2.511163665468863
 2.4483394405326773
 2.4801433713235657
 2.400134933662903
 2.4453228388434125
 2.417074306036774
 2.5130289548283056
 2.491480944772972
 2.447663764749143
 2.4071597025226406
 2.3885072633797995
 2.5572681394659647
 2.416573184481217
 2.472805181970407
 2.3877039211507207
 2.398385267074858
 2.334436062818584
 2.5911630767846403
 2.380502057001074
 2.404127191884371
 2.466996387793745
 2.4587976295638247
 2.432033286963975
 2.6382374352844926
 2.428750207444344
 2.4082591936223556
 2.4718306148908415
 2.420228162063397
 2.5086403823220893
 2.4027839412271206
 2.4382542795610904
 2.3959341118706194
 2.5536032373305666
 2.463906574783383
 2.491040165365778
