 4.301869984779484
 4.2463913471182115
 4.19606712122499
 4.018462297450092
 3.892936446622338
 3.782294193569433
 3.724017476079065
 3.7480367115652298
 3.666878874555492
 3.601555818892344
 3.548858721175255
 3.59151874974733
 3.5596693111058166
 3.5383089006403883
 3.2848719638180928
 3.412861677534727
 3.3490559614009165
 3.243346590129398
 3.245631335613247
 3.202596776586244
 3.189638319700535
 3.027261712294465
 3.0887219123363923
 3.13095044038536
 3.182754398518702
 3.036183054943932
 2.971531754596495
 2.8609543094527217
 2.8151332236520195
 2.761416208526487
 2.7691646578212294
 2.617470487082386
 2.7695826360695963
 2.6287925532219285
 2.2748645309547597
 2.248233793844628
 2.4831052763864485
 2.2428620958170074
 2.222315417756223
 1.901360427861007
 1.8744292557001732
 1.936486777709843
 1.8818961173342423
 1.971470200473337
 1.8049945121759265
 1.6973248630793998
 1.6516742827379167
 1.6933293097757338
 1.927106601320457
 1.7021410285175378
 1.6898903692638967
 1.8235620196087086
 1.816080346013478
 1.4738845099542184
 1.583139418902287
 1.46907000936036
 1.6050825620930163
 1.6335969317073349
 1.5114092087974829
 1.617413742200002
 1.4822449584982031
 1.4057887897956716
 1.5428613165587706
 1.812542181053492
 1.4324611323469845
 1.3500269542506182
 1.7957041808707919
 1.5447055532525167
 1.4672021272862323
 1.5260929065643043
 1.5039422910228533
 1.353583254293994
 1.5695768859757206
 1.4810282033306157
 1.3400703484112075
 1.4299697739939632
 1.5657001233609045
