0 3.9182849707041445
1 3.9361515588054146
2 3.856641301387319
3 4.043686256398845
4 3.8345598998086508
5 3.935333322867447
6 4.014371701299788
7 3.9427147909100695
8 3.8463909278979664
9 3.8784420781063247
10 3.96088945054508
11 4.008519626686822
12 3.8911983066189806
13 4.027818169925578
14 4.049899177575985
15 3.826078343682971
16 3.853895798583811
17 3.953052088912161
18 3.7428647383888207
19 3.83326559991257
20 3.9190581223992123
21 3.9555466511080035
22 3.8569288784717672
23 3.795313096795673
24 3.796352339534995
25 3.7661603547131643
26 3.8736138474737745
27 3.878570183351111
28 3.795429903027021
29 3.8659812391673882
30 3.8819120824064544
31 3.8380157920090423
32 3.7283473620440977
33 3.7906163370060586
34 3.963411835850858
35 3.8554796783960934
36 3.7069212020637012
37 3.848377277655114
38 3.4160436966384387
39 3.482685398191284
40 3.6112649121231617
41 3.7218867742315593
42 3.8669736217552524
43 3.6968071753875558
44 3.730464158007403
45 3.7623705578463733
46 3.624369910174546
47 3.7944178217650757
48 3.8010918581278754
49 3.6688008385600868
50 3.7420215505553616
51 3.7092387561000475
52 3.8764480516225013
53 3.738517805084869
54 3.70506365521617
55 3.7199890561133393
56 3.723867259092286
57 3.7507033292095993
58 3.8034540173651292
59 3.8120141007794417
60 3.6707392523441635
61 3.6996978016252138
62 3.799278452119272
63 3.8220947940028127
64 3.6594300123362897
65 3.679566841423442
66 3.670744494557167
67 3.831753897830451
68 3.717439873842444
69 3.673255726204801
70 3.7522736467770805
71 3.831179572883428
72 3.5535583927015857
73 3.7829369493494833
74 3.8658249997250813
75 3.8508470781980524
76 3.8590113199580918
77 3.8460664428613973
78 3.7503119585796245
79 3.6697808270351473
80 3.766281770294549
81 3.744259577650502
82 3.7412478621450553
83 3.803502667541293
84 3.820938688177741
85 3.7514675093265333
86 3.5990821772350143
87 3.6465293541750716
88 3.689902302142748
89 3.8146207905636813
90 3.5716478659958053
91 3.6029878150642416
92 3.799482618639528
93 3.812278976503377
94 3.8137317841253218
95 3.8522033893246324
96 3.724888294838821
97 3.724704788738685
98 3.719650255653966
99 3.6078663394658017
100 3.7257862197556633
101 3.6076605211445156
102 3.524325472202261
103 3.5984461613204592
104 3.763625651588604
105 3.898625812313833
106 3.7399027038700594
107 3.6735264973638793
108 3.6287390873800796
109 3.6772927787715792
110 3.589952950443877
111 3.6736130835405185
112 3.7796838319090043
113 3.718114905077702
114 3.7949733701976958
115 3.7783078736020554
116 3.744711075799644
117 3.9178304090367617
118 3.7976343952765896
119 3.6626163022081997
120 3.6897470563182098
121 3.5978644349836397
122 3.662979002988415
123 3.639688700672781
124 3.6670442888782686
125 3.8355638237220946
126 3.622337647535187
127 3.7204203588429707
128 3.645311501173352
129 3.6799977062036824
130 3.5391025353163466
131 3.639093674923966
132 3.7616520951975025
133 3.799469973380741
134 3.7857340666523887
135 3.788194049506926
136 3.7695941626991796
137 3.701134282457482
138 3.609067756217811
139 3.711492428970448
140 3.677342731178249
141 3.70849158644335
142 3.709796708483825
143 3.7420594951411794
144 3.5615131916586305
145 3.6094010771324827
146 3.6984266625682882
147 3.733836996920263
148 3.765885666152819
149 3.7117093902147817
150 3.6127459072433674
151 3.5795596813041035
152 3.563790170268102
153 3.5669343452071853
154 3.717555137345162
155 3.7614403000806833
156 3.7574928281043385
157 3.802619803594272
158 3.7108815147148513
159 3.646229666837796
160 3.5804787664862605
161 3.587722805447348
162 3.7011277458131677
163 3.7063241910970905
164 3.6496621072449766
165 3.685666457165368
166 3.6925199154300943
167 3.7710792530929966
168 3.703792425851671
169 3.599247654110162
170 3.713472338838931
171 3.681620010527078
172 3.82296041374608
173 3.7072448663853232
174 3.633201594914551
175 3.5119381314653597
176 3.506011599473616
177 3.4504585740078655
178 3.555171422827581
179 3.39837304484199
180 3.502909895548448
181 3.614390171024303
182 3.6254751484742958
183 3.6302729918665935
184 3.4685149331018192
185 3.662185353968166
186 3.5838028246430755
187 3.5765537389831503
188 3.510712946578412
189 3.741125152789944
190 3.7076041032313807
191 3.6697383731335877
192 3.663776608466843
193 3.600022646406275
194 3.6105533612549077
195 3.7752523921583223
196 3.5692982184650264
197 3.574297528820968
198 3.7733665814385926
199 3.704118472942885
200 3.629346206562376
201 3.605821769984737
202 3.64056079132531
203 3.7279637112686945
204 3.598253376980272
205 3.5475959487572473
206 3.5080436090038147
207 3.6231226754353885
208 3.746003220006348
209 3.7016461037323842
210 3.588158580805755
211 3.549258511247648
212 3.437339162976183
213 3.643099633947864
214 3.5765785371402705
215 3.486455200287277
216 3.5230623881195013
217 3.5525723477162328
218 3.6076693590257327
219 3.5316216010282764
220 3.711670023813265
221 3.6928222507577932
222 3.820802735421808
223 3.775528535206283
224 3.6216843754464856
225 3.4947727568123694
226 3.515364888923704
227 3.568158519844763
228 3.571734210142352
229 3.6090501689971317
230 3.502200045792926
231 3.3978873117108743
232 3.516571029885935
233 3.6446054935494248
234 3.6659606455410767
235 3.6663624826249377
236 3.5481029802566364
237 3.488603737992201
238 3.503786495411592
239 3.502113348385271
240 3.3260218028167987
241 3.5373823991629743
242 3.406743532429066
243 3.5171256859580415
244 3.483864320128535
245 3.5872611915724657
246 3.5182399547010124
247 3.4655296706847585
248 3.425080440575467
249 3.5468442262701436
250 3.516859992445172
251 3.4059900158733276
252 3.3591211292428005
253 3.4730004139077923
254 3.3930271947340627
255 3.4750508847687946
256 3.518749721744973
257 3.52110360746642
258 3.5664095967096014
259 3.6402291004460086
260 3.6211115261086424
261 3.5403398117540554
262 3.4745960998433305
263 3.363533271468667
264 3.35750491952543
265 3.4251189140877103
266 3.3606952443215596
267 3.4302165935315854
268 3.553982634174196
269 3.671702353962833
270 3.5614211830570657
271 3.52764165921099
272 3.533848143430993
273 3.6141650807634016
274 3.5226797753193515
275 3.5144680702475464
276 3.536550870067399
277 3.462671430554592
278 3.4109765267639314
279 3.495639260568749
280 3.568607417454308
281 3.494901160010987
282 3.506474892601853
283 3.567256953510634
284 3.6418906045576867
285 3.5986717613195514
286 3.54951100406815
287 3.461879468636399
288 3.4941095247772456
289 3.5458443172343497
290 3.532822181352057
291 3.5127372288010075
292 3.4186650935013696
293 3.4005132494838257
294 3.417995866130748
295 3.4799071489430617
296 3.462333854001314
297 3.5000884540122468
298 3.5124033599228714
299 3.4730420635467616
300 3.4196024341764786
301 3.467839853698851
302 3.4180513850367436
303 3.42182429273021
304 3.3608399552238755
305 3.329133782953333
306 3.3820084699867747
307 3.3993311964383097
308 3.389626072884282
309 3.4352549079624186
310 3.420412913372368
311 3.4049097809319764
312 3.416715790089824
313 3.3957190330772273
314 3.423457945938845
315 3.4293704089457377
316 3.439439623610161
317 3.440816605827809
318 3.3720984443868818
319 3.448106162032277
320 3.476643779769513
321 3.397466538429704
322 3.4621411601277647
323 3.4137541644285556
324 3.4568858693570395
325 3.601125351886427
326 3.7530356592748864
327 3.645997153022767
328 3.6227881864771794
329 3.517254875744852
330 3.5091818579315333
331 3.4721189923059455
332 3.648824328361577
333 3.6264180124267575
334 3.5638027571146926
335 3.62745554666346
336 3.585366074912142
337 3.563576907596883
338 3.601294044826358
339 3.643532505477935
340 3.6038882600726856
341 3.5357627794033095
342 3.6554050073903595
343 3.6154765469741093
344 3.5138389169558315
345 3.51577963262753
346 3.424205272846019
347 3.4862901421356938
348 3.5563207186658947
349 3.4736022667234785
350 3.4994880817590737
351 3.5061686178850846
352 3.401617859980978
353 3.3645345829667006
354 3.362347240887838
355 3.445162889459838
356 3.5069801616485266
357 3.583398467691336
358 3.4860627298856968
359 3.5489063826340987
360 3.6095451887237524
361 3.5725847865821683
362 3.56013529086413
363 3.4523917146778684
364 3.518314669476359
365 3.5661200763864853
366 3.518824919598492
367 3.5854955574468286
368 3.5750281681665568
369 3.508703595676817
370 3.329100478537848
371 3.388443378771611
372 3.460765244267049
373 3.411563549514342
374 3.3734371906047818
375 3.3880886307135953
376 3.439341567180123
377 3.410152524270288
378 3.385604625824509
379 3.40774788321813
380 3.483435477814923
381 3.6060849823846524
382 3.605504381686749
383 3.5721425330122956
384 3.5016073599511452
385 3.4431720897461062
386 3.591896233739728
387 3.5300045205824415
388 3.5299458170131675
389 3.4866778114953623
390 3.4592852643302345
391 3.4634175447214868
392 3.335949637896038
393 3.4677793943616932
394 3.596114481412279
395 3.4351125441252117
396 3.5362253992086354
397 3.4800919988164862
398 3.4676156547138763
399 3.5459626292156328
400 3.532027503737844
401 3.5290506846950795
402 3.5430765848941848
403 3.484028887966948
404 3.4303453752530446
405 3.427196332557524
406 3.522931579903003
407 3.4808298349498146
408 3.481717326698736
409 3.4621466930354496
410 3.5497031773401413
411 3.535694055128623
412 3.4664955129484842
413 3.507511556275454
414 3.5552385518737326
415 3.5308582413821767
416 3.533978934947119
417 3.580734391496882
418 3.5325406234494494
419 3.5636457120809384
420 3.524459908915167
421 3.515670809028009
422 3.4566495836059667
423 3.461511455786478
424 3.5029795466515488
425 3.416771518046914
426 3.3633827322972594
427 3.504354685102069
428 3.5305680338333394
429 3.5460278199405404
430 3.582351752632078
431 3.637219245573797
432 3.6096619223993964
433 3.5996367712244433
434 3.5628312384617193
435 3.5890885175601728
436 3.5234119110736923
437 3.4595246787017904
438 3.5843118504127625
439 3.6300694836438914
440 3.413578923703516
441 3.484150902555918
442 3.591007877305223
443 3.6120375765648163
444 3.53088417985006
445 3.6221568292093944
446 3.5217802201206996
447 3.4772745443103736
448 3.373785837965645
449 3.433780760997837
450 3.461028200976251
451 3.461956210473083
452 3.258332783943506
453 3.3439848034011352
454 3.4547687092504358
455 3.426864253704147
456 3.449292840559637
457 3.533733847487962
458 3.701646207296501
466 3.258596764125027
467 3.360873485813599
468 3.40362680290437
469 3.3837608188154746
470 3.267485539076273
471 3.3936369744437833
472 3.487099162373036
473 3.575004607757129
474 3.4777738451327633
475 3.4527295236613615
476 3.2776086265049416
477 3.182709039330627
478 3.3601173430982207
479 3.354008362128268
480 3.250492950822198
481 3.224870055035716
482 3.206545753320533
483 3.2791962036076376
484 3.3199104346130928
485 3.365477856202388
486 3.4335332003763033
487 3.3533010548376168
488 3.4180087934626053
489 3.3522466753422306
490 3.316414939967774
491 3.341064449025811
488 3.4180087934626053
489 3.3522466753422306
490 3.316414939967774
491 3.341064449025811
492 3.334605500240992
493 3.450050177586324
494 3.44648941445363
495 3.5142426782170997
496 3.416101257594847
497 3.314730185408545
498 3.2948447024554626
499 3.327342597241603
500 3.3490545845474533
501 3.3113665732572297
502 3.3677758363877834
503 3.4140387879634284
504 3.3468119401552414
505 3.4211547063687244
506 3.5071295581172817
507 3.5190657336091746
508 3.5369474432047743
509 3.4828228853209247
510 3.4492970996242422
511 3.401838465946173
512 3.354056929601261
513 3.4271730684823822
514 3.3771250849638963
515 3.3239366258983183
516 3.250615007245152
517 3.2834296651346775
518 3.3813314364983467
519 3.375041956215414
520 3.3987445365779925
521 3.4514883900175124
522 3.4317049857874733
523 3.502945708879882
524 3.529167029803596
525 3.59220925299619
580 3.435959417628763
581 3.4323274775347596
582 3.518977019441976
583 3.3860916872381255
584 3.3315326350373717
585 3.3011713042847446
586 3.368112600730027
587 3.3906833783597286
588 3.3011485646320384
