0 4.009722648083554 282.0004573420157
1 3.803718985941741 289.2578622487869
2 3.7898459678448946 275.4652452117392
3 3.526837532579721 323.9589613298867
4 3.514506169397946 272.1312737683089
5 3.315522414518212 277.2265779908517
6 3.4188005731994067 250.87797786135235
7 3.2331319813275687 249.46391048047505
8 3.076476194985686 243.48300187901506
9 2.826434056457698 394.0088412530884
10 2.816104355978473 221.91944065418343
11 2.950114925184936 209.0849255338221
12 3.092956596657855 227.1042128137128
13 2.725844000122748 190.55000572144
14 2.686900768623221 197.07092601551327
15 2.6902642876479144 283.209695511898
16 2.5626728752965575 248.68710128256532
17 2.287614263298208 213.57907413953916
18 2.367948563520215 158.49765289127737
19 2.3826594288805243 153.99830362352048
20 2.277826045827379 144.47696670043382
21 2.2286063643634364 161.30567840516466
22 2.160782255923468 141.76993117018972
23 2.1497447975160546 133.23940661083157
24 2.076397266229818 188.6929606670312
25 2.1902508463026686 127.46233941248137
26 2.0543297747672122 125.32751610890286
27 2.0376489772702473 163.80078504970305
28 1.7643965386651235 127.68415524424921
29 1.8890560781242265 117.64281745273037
30 1.8485135182788428 117.97534016616446
31 1.7307028330179763 119.63978186593219
32 1.8613672607602398 147.09897875827636
33 1.6150484765977704 120.65475258954339
34 1.7800236601187605 148.11493829221266
35 1.7276189625006861 336.5821033372159
36 1.561533109114328 109.66715118236174
37 1.489483373673122 107.290544798612
38 1.4944639126958996 121.2291512260631
39 1.5749590040916164 218.0657282121868
40 1.501253559151532 127.09919352841979
41 1.4170808890854973 207.3266938714417
42 1.3303641878460657 134.8552657935578
43 1.2890148634716803 100.53055276897044
44 1.2250998896687757 165.3619310762261
45 1.2746997104309123 104.67101036563568
46 1.1908509982082716 164.45725173663766
47 1.0902098093572248 122.23518878448692
48 1.10444628553246 112.13400611433471
49 0.9750067736981848 113.24923684050214
50 0.9868569878753845 105.0962734638531
51 1.0194715209204073 103.07148188122373
52 1.0313732088718877 132.76964936599617
53 0.877161056422297 196.84120957368856
54 0.892597884781173 96.60806481494495
55 1.2229519181668977 396.77228227051586
56 0.7791181439242693 97.3533612095458
57 0.9036893548871351 104.92795454404632
58 0.8238938221655422 104.0638510836477
59 0.7689379814590762 106.13581320073276
60 0.8635341973508679 104.78090503427629
61 0.7472821738831416 89.48790769907689
62 0.6140946986980973 97.82683154367311
63 0.7333718106145837 107.82181269625055
64 0.7018597814430388 103.55638532775824
65 0.6340151722941177 227.94397710262436
66 0.5749937267152503 93.29747068595755
67 0.48401782764156814 79.31392682446263
68 0.6109653604696909 123.28092826234258
69 0.4290053001673595 79.42400174170886
70 0.5494519747595863 122.05615717377691
71 0.7185708124807753 94.28599780202967
72 0.4759640530094175 115.10877781694501
73 0.47932952153939934 72.70654597018154
74 0.3975602583932398 87.12044727243126
75 0.44487882432061243 102.08748273521803
76 0.3120365955630106 197.64355514782557
77 0.2909449947139777 83.41519771920908
78 0.47291445932991427 99.86784873418618
79 0.3577232299157658 80.04346106020445
80 0.32134139417937213 93.34958160984218
81 0.35842338233829435 188.46750195177913
82 0.19940738432877084 70.71528927844476
83 0.40419484830492464 125.60776201805454
84 0.23346942254414543 96.48897214142882
85 0.13184968187057727 85.45811820934772
86 0.19227867171176524 125.23356871671973
87 0.1422193619039074 72.08653432157446
88 0.19008856769928098 86.88298755809915
89 0.12144001707810757 187.0256374836916
90 0.10745717959405483 59.395294593620804
91 0.030166010191605034 76.94004557175019
92 0.011302725061337515 71.3745614869767
93 0.05018627981881915 58.95269287523123
94 0.0032367366327003383 88.17627164933161
95 0.004750446569671914 79.49834207990247
96 0.11386687102922866 75.96616402771414
97 -0.14410555693129254 53.316393773763764
98 -0.04052209625247648 53.525341289670145
99 -0.00035938394964981626 88.1744365472278
100 -0.17307263570148843 56.16522130108137
101 -0.15432810512127923 82.79874017479571
102 0.0009172662479597363 148.51198912233693
103 -0.17646870166626963 49.839259009022825
104 -0.15064401954802042 57.63904825542703
105 -0.15123322345833995 58.24718544521735
106 -0.2532223634082737 61.023073060275564
107 -0.31462511137981725 46.9449083149121
108 -0.3114189917941861 68.13596862202812
109 -0.27996318234580014 44.047538397235286
110 -0.2607383964284757 44.658515995150786
111 -0.29260027473041816 51.17207924787586
112 -0.2495823795474277 55.16436609047718
113 -0.22970101653013195 44.99389721723541
114 -0.31324903340187604 59.40493429207697
115 -0.4171046118898816 44.75693445049502
116 -0.4262189881568788 44.80007210156578
117 -0.35617313142854373 58.846067924826876
118 -0.37577516417734447 47.412757032119
119 -0.44510966212135283 55.65639940980077
120 -0.41128716927057385 42.2785058285254
121 -0.41683443577928986 43.71007342770545
122 -0.4620785357491641 41.22231930272768
123 -0.5634135312286055 38.663492731574216
124 -0.4560483488976206 38.9832046848415
125 -0.4920021096335873 50.46732376553625
126 -0.45257065231479826 36.80437536567852
127 -0.5606805093347775 39.609647800585115
128 -0.5661095590357074 40.53494783822785
129 -0.4853163552256972 37.400635819351
130 -0.5293512450383894 39.388644975468914
131 -0.5387483725684226 53.646712094057406
132 -0.5868439607648733 38.52914912202068
133 -0.5695409287157518 35.8821743443873
134 -0.6095500004975064 36.04566672236767
135 -0.6303889142240682 36.955983470660456
136 -0.5514554526644694 56.259982840820946
137 -0.5598601629748753 35.55704387522522
138 -0.6503176696154986 35.442680404214244
139 -0.6528943065619298 35.905382949261885
140 -0.6513410484874897 31.79707427915792
141 -0.6111167204292866 35.207967135748305
142 -0.6957497870648264 33.074616674850496
143 -0.7892512108925969 33.561840068949145
144 -0.6141987302732207 31.550987775875782
145 -0.7364617744925568 89.38511282867806
146 -0.7202132565279995 32.047575989612845
147 -0.7647506637272325 30.016190050385
148 -0.7889307651330486 31.276815185496236
149 -0.7497052374124648 28.666908182513833
150 -0.7926660724151107 30.22677568723216
151 -0.81837900719903 28.93906050899796
152 -0.8140357142927214 39.563120538568924
153 -0.7962601589721136 30.169031126592326
154 -0.7624345158691792 33.23111229080425
155 -0.846933131106048 37.63287714454729
156 -0.8104005676206736 29.660661371245737
157 -0.8832241257302427 44.592766141073334
158 -0.8536150859721078 28.06752319421666
159 -0.8661521066983985 30.41133824620976
160 -0.8628996768966929 28.689171045303365
161 -0.8287057138820096 29.90954810453826
162 -0.8574276691621708 30.466194057608416
163 -0.9145227685117159 27.97499273424657
164 -0.8814426162131634 27.362230995223534
165 -0.9834575506464098 32.914440102625996
166 -0.923793184775978 30.37860115172886
167 -0.937336022686624 25.294035025661326
168 -0.9294522003103388 25.84833362434265
169 -0.9443811286701921 26.006355475301838
170 -0.9500611122646057 24.34876367663443
171 -1.0044387655973388 24.911979984845548
172 -1.0312080529326757 24.71791217919436
173 -1.0176760526616657 24.41508242825583
174 -0.9935414355873076 24.091049416303893
175 -1.0001015594179496 24.95506464219206
176 -1.0607747984792084 24.803907113528677
177 -0.9727146482803178 25.26652029933409
178 -1.08642752768864 23.113264423249117
179 -1.099591532407971 34.13931728056695
180 -1.0771469645448029 24.994062887574017
181 -1.099822160861153 24.336653250825023
182 -1.133676195180203 22.207521611249625
183 -1.0613279861106268 28.781771772053656
184 -1.0350190670319452 29.825649899261705
185 -1.0345679278280508 23.445694453383357
186 -1.1164532383184123 23.3976971586408
187 -1.166987597019797 21.577055413512955
188 -1.0520265812406655 25.366922493220972
189 -1.1715000126709856 21.62819139423991
190 -1.1364366227527998 22.669429093209146
191 -1.1823526120214005 22.776707506932294
192 -1.0943038727123764 20.447066352924878
193 -1.216868551565841 20.048106376490868
194 -1.210933845437147 22.71540765878535
195 -1.1497374020968103 22.222853467616112
196 -1.1837575658702157 19.16262176113981
197 -1.1507012247784563 19.173580129118697
198 -1.2206546207861158 20.16222078054434
199 -1.221526459291713 21.23911504747902
200 -1.2538162392645844 19.510881917288728
201 -1.2040122943255693 22.141608562676094
202 -1.2110306269039113 20.71920952022766
203 -1.2808945144537474 19.251060828302094
204 -1.2022275704503866 20.82155647795835
205 -1.2268125544228026 19.722181613815135
206 -1.2818759508579192 21.45057261557056
207 -1.2461015189034086 21.23134647623499
208 -1.2320897266207738 20.57138074198023
209 -1.3273132531239729 18.948141744327856
210 -1.3076401680816914 18.50236367063314
211 -1.237879880269144 25.92825812271667
212 -1.3193560110267264 17.91156737763961
213 -1.3452057529901666 18.42445971076217
214 -1.2728957810161123 19.006275537736098
215 -1.3215839902273376 21.23733033430758
216 -1.3128573584195424 16.884645745643404
217 -1.309762710976031 19.344070922871815
218 -1.2782604832913893 23.217005463750734
219 -1.3429731666512574 27.58714390639006
220 -1.3575500644367853 16.888574513167928
221 -1.362432367180301 16.301161175338684
222 -1.3158583269886446 16.30852663823843
223 -1.379251184409996 22.836879452062504
224 -1.3811043915681098 18.08286437955551
225 -1.3393909060818292 17.03231064049229
226 -1.338066498019221 58.68980384886748
227 -1.3188553007658506 30.548792812034172
228 -1.3961815281212993 16.278322788443287
229 -1.4295100310257567 17.811863874045603
230 -1.4289175147382338 16.51709580426323
231 -1.3329294139888415 17.21428368941841
232 -1.4039405176534638 21.152276774474398
233 -1.4283775089146167 20.415572638127106
234 -1.413619066743663 15.093126243695538
235 -1.3855570523497078 55.52218815291945
236 -1.4402164372390354 15.498060210137877
237 -1.4796859593952778 20.911448631378576
238 -1.4302512124280506 14.530333932967329
239 -1.3960622972823966 18.041944785970532
240 -1.45971984051555 15.07970913070183
241 -1.473072800010107 18.61955831505356
242 -1.4743090320654748 15.984887428004622
243 -1.5144431898091775 14.152194949144375
244 -1.4406173020117774 58.55479899576344
245 -1.4866830564341205 14.23643123978766
246 -1.4769818486378166 13.526160343576565
247 -1.4926946851385237 15.362151005945968
248 -1.499113895191997 14.115890095809387
249 -1.4317799313479271 15.74631292922188
250 -1.4845247813307378 13.957395883809342
251 -1.5329144622286628 14.76575885935594
252 -1.5764996862728247 13.930507291412768
253 -1.4989319899630023 18.277995991256038
254 -1.5245513587560473 13.05386395377982
255 -1.5129084096779466 13.10123038545156
256 -1.519920062236302 12.757575001145582
257 -1.5308860438578227 21.787977191680163
258 -1.5017694073051346 12.541102241976342
259 -1.5675076731776367 12.888267142396472
260 -1.5332928143273432 13.096705678459234
261 -1.556661886414623 12.133558266610047
262 -1.5668916337371637 12.42708571128384
263 -1.5731542371336775 13.391087667573233
264 -1.6131351235712372 12.276015091233239
265 -1.5459241423926418 15.54134223818817
266 -1.5905408089149564 11.748104908192765
267 -1.57298313897133 11.337562012573066
268 -1.6130802745099724 12.024815488146224
269 -1.5838639932208458 29.417104071792888
270 -1.5696039488134141 15.149429403531645
271 -1.5988300951050511 11.301584606190605
272 -1.579662572647923 17.79016683888419
273 -1.5707937006231625 13.301642440826061
274 -1.613793509451656 11.751422212180376
275 -1.6116910811284813 10.92130225521468
276 -1.5834997285216272 15.83882720089018
277 -1.575422265261877 11.369828127727141
278 -1.575397963387494 10.57057297134016
279 -1.5691551868583342 11.696488974287519
280 -1.6276284014016806 12.141761456454724
281 -1.6306268783597313 10.548005446863082
282 -1.6207902060914015 10.40964767747922
283 -1.5954715303838063 10.879857157888512
284 -1.6320646858764798 10.261120760149602
285 -1.627574274156417 22.758253612470874
286 -1.689014838961423 11.178319184413327
287 -1.6308326746127928 10.591425799403789
288 -1.6249913658736306 13.892638595177688
289 -1.6669352496238123 11.469691933965189
290 -1.6527691913070681 9.771952422234351
291 -1.615387536075628 11.206775360708995
292 -1.6380961572486266 14.34355071604372
293 -1.6526701940355393 15.827173130359034
294 -1.6517431644205331 11.243347564388644
295 -1.680087284462098 10.21611125730115
296 -1.6661369209615922 13.791578438122034
297 -1.6164477326192523 11.283117734387707
298 -1.6687333989353534 9.582453249623917
299 -1.7273021994540223 10.691893258158714
300 -1.6844034260769123 12.393809426459999
301 -1.7195585103804494 9.39301345118311
302 -1.6600294747644315 10.012531009766109
303 -1.6752370831340448 17.935118360830547
304 -1.6643032224141157 9.003218963395497
305 -1.7268147703492818 8.87558035580286
306 -1.706218593724566 9.119764987544762
307 -1.6852707266557685 15.240947588487389
308 -1.7092427273299953 9.330904184775452
309 -1.7143394740788318 10.327624604557114
310 -1.7681519242071932 8.689902761706206
311 -1.6813872212700012 14.788755070120407
312 -1.7536601326875436 8.870657441924024
313 -1.7091045025949407 8.973928906054445
314 -1.7387769142409994 9.926782090013932
315 -1.757829609684327 9.192713928376449
316 -1.743290791410176 8.414871460768438
317 -1.7304380480629145 8.766183392500665
318 -1.7457204385250442 8.460029797846563
319 -1.7677895684209708 8.250196883311865
320 -1.7488872492281742 8.315019990618387
321 -1.720800893021326 8.91345913230232
322 -1.7409488591564544 8.147952212171452
323 -1.7748317033462866 7.633567344938272
324 -1.756696567836572 8.024786691244682
325 -1.7858032751895003 9.094243923424038
326 -1.7887057657663648 7.4259062593693255
327 -1.7848300870120237 7.979594118389765
328 -1.7641112065524263 11.152390188893552
329 -1.7822746986120996 8.19479483504506
330 -1.7475536964575527 8.63633417851001
331 -1.7980234044346128 11.802687661625848
332 -1.7771657884717238 10.553985423019373
333 -1.8452537227163563 7.589051384375636
334 -1.819525884051089 7.362967235440985
335 -1.8208771008795033 7.224323539096095
336 -1.846037384821535 8.769397108645437
337 -1.7963235732309117 7.094142087673824
338 -1.8061965482633968 7.105504889826965
339 -1.8227153500096003 7.4612571603854985
340 -1.858376287730167 6.912020486645675
341 -1.8187427190572119 6.920937368634415
342 -1.8373594648733524 8.115794472227337
343 -1.8232027836507732 6.786087504999008
344 -1.8104561073240983 7.833595567234177
345 -1.824550741179199 7.3433128354340695
346 -1.8268401176270228 7.078671276503844
347 -1.826440441217445 8.61124095737218
348 -1.7921884030020618 10.88425524349955
349 -1.8007879502482511 6.617270942239507
350 -1.849439647431708 7.13438744233065
351 -1.8562898249562396 6.320845661763382
352 -1.8586721759073814 6.267815587169138
353 -1.7939791733091976 13.167014857388995
354 -1.8216322799884583 6.58016729417189
355 -1.8299515756515066 6.479678515941034
356 -1.8417007773220655 6.354867090981786
357 -1.812536682662266 11.664286349355415
358 -1.8229399510806081 6.319333716683419
359 -1.829391292842195 8.12374200941222
360 -1.8768214073407383 6.400303150920386
361 -1.8386317754735737 6.686630339628502
362 -1.8360327701495764 6.524164449372962
363 -1.818919708978903 9.072459657016301
364 -1.8459861942049698 6.144873106263859
365 -1.8811121411062093 5.862069913003535
366 -1.8614559353613749 5.98115766695182
367 -1.8657811711749523 7.475267290241579
368 -1.8430509101513532 7.020891631055888
369 -1.8547941253629527 6.010247458051549
370 -1.8622322895421757 8.6238204468169
371 -1.8846192471362686 5.6198991283457325
372 -1.8853727715347086 5.546607446250281
373 -1.8763113049977218 5.524121906552073
374 -1.8955385898150228 5.651157691954337
375 -1.8606812871982736 7.247635840908511
376 -1.886904903898968 6.493341374776734
377 -1.8911735032796015 5.575728215628346
378 -1.8951753702469882 5.402871864383904
379 -1.8710205097278827 10.67182821174222
380 -1.9226976050098674 5.396277733081932
381 -1.8628887435718553 5.273575139713382
382 -1.89532606495749 5.563224576910337
383 -1.9243812743309303 5.166432028786641
384 -1.8974266086190692 7.24389604156379
385 -1.8868263953167217 16.334875715714297
386 -1.9318345617190404 6.437490720503016
387 -1.8835020660675983 5.244606305652669
388 -1.9086346228684994 5.307819512760166
389 -1.9159741870318328 5.603938948496475
390 -1.9176001891089611 5.885309384828674
391 -1.910770294420414 5.485158018568316
392 -1.9439840683058156 5.192235250557078
393 -1.909127068607399 6.330295743163488
394 -1.9149292299700846 5.0457021861968725
395 -1.9100857772048636 5.1625448334736594
396 -1.9477676200929046 5.093614399287346
397 -1.9182441017407 4.989782061184616
398 -1.9215730818041654 4.686664916549384
399 -1.9006511576987206 6.25648292281284
400 -1.9228795238717944 4.812992813663224
401 -1.946539346850633 4.8898719485327895
402 -1.9302739077968505 8.96984700395921
403 -1.943954437131565 4.585200550978506
404 -1.9110295965951574 4.569988752316967
405 -1.9308876337082321 5.218217297040439
406 -1.9639783770520458 4.484716570941832
407 -1.9295734354810914 5.063157021558466
408 -1.9458035596105765 5.398220874768029
409 -1.9508609103847383 5.249624601333375
410 -1.947621132269629 4.425862688308393
411 -1.9291418601851467 11.72472029667312
412 -1.965415468129464 4.799566548573043
413 -1.9653246268029925 4.675384670988387
414 -1.934358909576413 4.515143224867697
415 -1.9735098812898264 4.295924909557607
416 -1.9554935700928924 4.779104921446602
417 -1.951959626129102 4.481027179474926
418 -1.9613525968584726 4.585017635819756
419 -1.9543215414401416 5.833878801929862
420 -1.9443195931057031 4.273167101821627
421 -1.9872285166499648 4.385830290448541
422 -1.987853706802213 4.300418089396681
423 -1.9247221212031957 5.420064576700968
424 -1.9513044238526047 4.881838568605548
425 -1.9787363230386499 4.045732774709467
426 -1.970355440117792 4.440405334429146
427 -1.95146674290655 3.8970267005175754
428 -2.0005004169811023 4.30891500641499
429 -1.9561634386633058 3.8916702601711557
430 -1.9977877573049445 5.976939781531718
431 -1.970488957419803 4.133542575677155
432 -1.9714262155740114 4.318798389814321
433 -1.976203647027482 4.9060533597612395
434 -2.0020356509254538 3.8313131066080763
435 -1.9681739226290702 4.249343772023291
436 -1.9945694224254544 3.7835542431370173
437 -1.9544881062959678 8.789253687319443
438 -1.964079005588722 4.378822287252362
439 -1.9714419663207159 13.682326653225408
440 -1.999967865220995 3.9174750930033397
441 -1.9852972307377756 3.717373620850862
442 -2.021383875463278 3.732224586705043
443 -1.994827551963448 5.665603596094836
444 -1.97187329205199 3.8472269065582325
445 -1.9982834758538928 4.057886145722004
446 -1.9881746894404722 4.387600220561688
447 -2.00841351328787 3.768578086360563
448 -1.9816745761206156 3.5435030350889054
449 -2.0031027968798503 3.5228000238429913
450 -2.0144993149756627 3.7417062964986747
451 -2.0046707696045734 3.7918970716898523
452 -2.0239323352223155 3.4556843866997635
453 -1.9951427463815024 3.7034947173828505
454 -2.012066899955157 3.331845539444244
455 -1.9988675401441338 3.7207030054896855
456 -2.0056387029549234 3.457453372175688
457 -2.0296417026424662 3.391742487448481
458 -2.026696345377574 3.364049313692239
459 -2.0157674784756083 3.385946940472607
460 -1.994236129724598 5.327563156775883
461 -2.00938580896613 4.2546947367555585
462 -2.0338940169568365 3.539343934171953
463 -2.0006641134810117 3.3153593820998033
464 -2.0007010903139415 3.217150965447881
465 -2.0413838285412416 3.830693141518765
466 -1.9828141815017377 7.4489551154464335
467 -1.99120285673492 7.6154007495862714
468 -2.018527520080225 3.241092505635011
469 -2.0231566276225745 3.2136957645426762
470 -2.0103075063330285 3.445496515487572
471 -2.047481229651851 3.1696881917891497
472 -2.0118793826608132 4.883244825819473
473 -2.0188145901819263 3.122438425024856
474 -2.025368307361112 3.330581608604909
475 -2.022840842415522 3.0861464373333587
476 -2.0272610293725273 3.1655653141440525
477 -2.0338583477730867 3.1062785685398167
478 -2.003664041476183 3.4224485706211953
479 -2.0385550149869274 3.778770237910569
480 -2.0205322405172623 3.3113936113896956
481 -2.0393881198528785 3.6140979271265237
482 -2.011145867932431 3.5946543735593326
483 -2.024952296051792 2.962825540951827
484 -2.034419701326098 2.997224698596195
485 -2.042695597844248 3.3373907061476276
486 -2.0253599604078736 3.5062971644356242
487 -2.036716517938424 3.228232519614882
488 -2.036632768816503 3.3828663090122277
489 -2.069431001225405 2.762928512706249
490 -2.0457236921431257 3.148937683252016
491 -2.033300402066891 3.2438181348505397
492 -2.050197202231048 2.8473871138646047
493 -2.0482400394312354 3.8195284020399796
494 -2.0636558979041517 2.7092512017405816
495 -2.044729031387876 3.7750489451819593
496 -2.0513028904593704 2.726778094471817
497 -2.0636715652116275 3.1442447101230377
498 -2.07272494831294 3.0039986425585967
499 -2.027222828170044 3.9096450405568373
500 -2.0758562746607874 2.9919597718886815
501 -2.0346407787000635 3.079941301116821
502 -2.041094471296633 3.427802407273112
503 -2.048393178588375 2.600154389621388
504 -2.0316073649599713 2.8517896597055703
505 -2.0754126717734422 2.5861741317312488
506 -2.045488572022326 2.976749570537894
507 -2.033124004583498 6.517495921002517
508 -2.067373059629058 2.7619109019711683
509 -2.041505222072052 2.7223153789039154
510 -2.034405961915831 2.8544646820391377
511 -2.0810560979213553 2.567390815010208
512 -2.0467105712798768 5.143341254059286
513 -2.0474584660848922 3.034936160157797
514 -2.0624942720510533 3.3535652631974107
515 -2.0120559222611116 50.345796282820814
516 -2.064716896480741 3.1288688080018376
517 -2.0766424534585157 2.7062224379046578
518 -2.0925467901746675 2.5195791454463925
519 -2.0508901036237517 2.348020996801836
520 -2.0719530250982507 3.096081661327873
521 -2.0611393340193405 2.404729310326332
522 -2.064912979120747 3.3460967740216825
523 -2.0629460470139653 2.473750782796578
524 -2.0646392310695645 2.4197571816673737
525 -2.055613171662946 2.3748306370473147
526 -2.09000678732662 2.4624739851788275
527 -2.051665142582162 2.8797755260536544
528 -2.0644596127857193 3.0633793179481814
529 -2.0436347534608803 2.743008512361075
530 -2.0833262330151 2.4024394143956944
531 -2.050174156804369 2.526420620627687
532 -2.084170266064385 2.450260294568471
533 -2.1016355871680186 2.101237996202095
534 -2.0604239734834513 2.585433838005344
535 -2.08392555162018 2.554873866209827
536 -2.073322479427171 2.9193840590544036
537 -2.0920533152310785 2.159355457630531
538 -2.078784488559082 3.497435669371582
539 -2.0920110854595206 2.4840602116980786
540 -2.085133204936804 2.249323791767807
541 -2.0729644972491013 2.3888047354834776
542 -2.0884092653757933 2.4142327896631266
543 -2.093132078694759 2.517609495658207
544 -2.0717223816898067 2.4452417735496197
545 -2.087708597593938 2.265127801895503
546 -2.0831562079476904 2.505974341496291
547 -2.0680951226275206 2.489260608435468
548 -2.072724757811664 2.40931410385704
549 -2.099031335253424 2.027976366054928
550 -2.084854597260439 2.392461458607392
551 -2.086110809430149 2.3191581451835073
552 -2.093229083611228 2.8821321984250994
553 -2.0966294590032426 2.130943326137208
554 -2.081770833752861 2.9496104277475608
555 -2.087594542907758 2.6074489791671853
556 -2.0788187188725553 2.8220293150790643
557 -2.0841080422141975 2.071121700995352
558 -2.0860402920024708 2.3193097620900174
559 -2.0759978656627296 2.1690460825891384
560 -2.0962536394616085 1.9616734168819494
561 -2.105798641810928 2.022780065408026
562 -2.0844098925284134 2.0018302825307823
563 -2.0954763285005673 1.9472153184818848
564 -2.1247018777954496 2.038478989596175
565 -2.095765237228937 1.8787321529182004
566 -2.107383127252267 2.194389397686108
567 -2.1025380912930216 2.3585686057141877
568 -2.075512454290116 2.74253073808399
569 -2.1088812004658086 1.9984618660580795
570 -2.09363996956176 1.9469104503624637
571 -2.1030232984519297 3.282695037283321
572 -2.0820427909882855 2.334528501844159
573 -2.1032154743786227 2.5970856600393035
574 -2.1024101224994043 1.929639941654099
575 -2.1020782662886592 1.839384559403104
576 -2.108165112796024 1.8910692235070252
577 -2.104254120186449 2.4824242604178712
578 -2.101927990560567 2.1913526804840004
579 -2.1160865304894645 2.035150458977353
580 -2.1201439946232647 1.950062037485264
581 -2.1160684485198975 2.182024115769161
582 -2.0829841174772152 2.783904383345522
583 -2.1086722222402488 1.8567330254725838
584 -2.1140940265134716 1.7654019359745667
585 -2.1057184205305557 2.0159699175417556
586 -2.1151371938156096 1.7600704677649697
587 -2.136612077335692 2.2037108311349685
588 -2.1278855659373623 1.6761980801616445
589 -2.1011987543420365 1.7319472083169125
590 -2.1140949719157436 1.8691202497737067
591 -2.1001224589446976 5.6545187843531135
592 -2.1029466063717877 2.969156864610541
593 -2.105247175684448 1.7720625157779948
594 -2.1240286528108774 1.8214297215248991
595 -2.110285557184334 1.8116635066456177
596 -2.107154322314629 1.8907752450742772
597 -2.1101662179466025 1.9343264699566838
598 -2.1275237149692754 1.8259732586512318
599 -2.123399413371516 1.9544387047001794
600 -2.1147448908444733 1.7386169051887674
601 -2.1168605214363474 1.8830818940568892
602 -2.1242455863389784 1.5064745102419788
603 -2.117335428623365 1.8172510978103895
604 -2.1065607735113603 2.4335620678318417
605 -2.122249547476903 1.645378471836485
606 -2.116781195908593 1.821653028809021
607 -2.1192805021937797 2.855453087678197
608 -2.1289546554840126 1.8467624675984453
609 -2.1228717814048634 1.591770963406641
610 -2.1400895693872934 1.7647420259848239
611 -2.107159999037941 2.1145578889042054
612 -2.1313399001236077 1.6617744240659715
613 -2.14449269973523 2.0702181972624043
614 -2.1125646009085743 1.984833136042948
615 -2.1491356423830994 1.5445877083941113
616 -2.118347599660296 1.452653916562083
617 -2.1249467762353977 2.086406904891448
618 -2.123243141488598 1.7334148557968125
619 -2.1281074794367303 1.8274672505613878
620 -2.124295552832893 1.5529114097224204
621 -2.137842007811181 1.461653578983922
622 -2.115746067648816 2.640792019006634
623 -2.1275748511418233 1.6452652539424495
624 -2.128037723259412 1.5563682358201512
625 -2.121841748541348 1.4339513541111306
626 -2.103032704890977 3.172654347938952
627 -2.1263067718922377 2.002065530562456
628 -2.1207688316820428 1.4010151351503428
629 -2.1207815691233636 1.7291261624771441
630 -2.1303528723345635 1.8505771755189908
631 -2.146609363782192 1.4238474987551226
632 -2.12703681033526 3.8791981178810975
633 -2.1285754684408076 1.6939586499148427
634 -2.128876375578098 1.3891593566079197
635 -2.1505496635336074 1.408448505965075
636 -2.1257456944575557 1.4369900370532966
637 -2.118059940414309 1.5010890801661938
638 -2.1411807260072164 1.8734297655283065
639 -2.1037254422820095 2.3103342452098836
640 -2.128577788176555 1.5103165372417973
641 -2.121368833791029 2.41083083730698
642 -2.1312770544614743 1.429200973664314
643 -2.1461700802090387 1.5466696573745944
644 -2.1352741174017806 1.4011141931782578
645 -2.1450901914998934 1.3827058623043516
646 -2.1408209360325134 1.2804077270676575
647 -2.135241287966011 1.3742713842658942
648 -2.1442849742032943 1.4507573191720575
649 -2.144662004338859 1.420891480814847
650 -2.1461527592266414 1.3358504040720058
651 -2.134275618657583 1.3146238097847507
652 -2.1372652989901693 3.0480544904399385
653 -2.146095116306548 1.328129832545086
654 -2.136686242066225 1.638270535992985
655 -2.1492630955686014 1.2820607042342178
656 -2.152943680120899 1.312535298023677
657 -2.144681466203607 1.3073059067244999
658 -2.1322172033477607 3.8152222206680055
659 -2.1585675755962033 1.3260803103554677
660 -2.147671449744064 1.3406771077506245
661 -2.129473664644028 1.7081706857454995
662 -2.133942483313406 1.4249325997280993
663 -2.1513203229574014 1.390463910351004
664 -2.1451277753302294 1.37861286870724
665 -2.146413529728247 1.3972378019174359
666 -2.153814754199665 1.2115709890968522
667 -2.1485986863668494 1.4270975714044052
668 -2.156691957112092 1.2612194219182156
669 -2.1490468174554525 1.1434362700836074
670 -2.1385807898169356 1.4678951890232186
671 -2.1372149912074545 2.8476070019253776
672 -2.1401871362306384 1.2718886522480233
673 -2.1595598925708686 1.3858830670963518
674 -2.1205475785164722 1.2463553726466818
675 -2.15103871110153 1.3584336400358688
676 -2.1349238528549614 1.2522208216589872
677 -2.145920242312929 2.0250015253442295
678 -2.1494851126400403 1.1861215202546425
679 -2.139100020333651 1.3397485291326208
680 -2.154804964776704 1.135493826798852
681 -2.171448724710809 1.1521127900177095
682 -2.1471302180667045 2.540464771151769
683 -2.1620620210724595 1.4092983271280408
684 -2.1522425317327 1.4921289479959718
685 -2.146809125624203 1.2263017156352747
686 -2.1465678319687975 1.2649844792458322
687 -2.161993728089336 1.0555079355245194
688 -2.156792161870694 1.2941114678025345
689 -2.155802416408874 0.9858825776159036
690 -2.157814671761335 1.3414374109027813
691 -2.144565029684821 1.3445467197210526
692 -2.152992852702662 1.0651388913941535
693 -2.15976758159253 1.2219860147830797
694 -2.148931748801579 1.7138124234290937
695 -2.15163071949099 1.3509406924329475
696 -2.147590197260358 1.0753968086596624
697 -2.1539374771153033 1.870647665928659
698 -2.154670702155223 1.247346149844937
699 -2.1572051440193514 1.5533623451257188
700 -2.169794511785889 1.1184441872139865
701 -2.1609974884337966 1.0516597418759701
702 -2.169364297688946 1.3814349433398145
703 -2.155991822823929 1.1326143615425093
704 -2.144984709296171 1.0283678427768055
705 -2.155317043781058 1.9929631133877543
706 -2.15894018753932 0.9492695295380258
707 -2.1537758464065324 0.9877944369135395
708 -2.1653016812204764 0.9281860102424804
709 -2.1488552349294294 1.9666802830484718
710 -2.1578690610517275 2.4254171493158223
711 -2.1686619935794957 1.3535481756153833
712 -2.1516253023406446 1.559477774167403
713 -2.167571848367121 1.0023370751799423
714 -2.16582735242396 1.1256987009656494
715 -2.169281890823293 1.0925442667548255
716 -2.158081415325398 1.1143925753046655
717 -2.1597421945594237 1.0305699896272356
718 -2.1559302597227 1.1469898243682763
719 -2.167958960025684 1.078387594712678
720 -2.1582654925173683 1.3465312794037518
721 -2.1636663394236484 1.152081199873316
722 -2.16586589207422 1.1796529571744405
723 -2.169459276686663 1.0173139057923588
724 -2.1493080879783166 1.486160869066294
725 -2.1571370682808357 0.8933852067966017
726 -2.1763194104345684 1.0949217304389403
727 -2.1734717349841883 0.8939017186167537
728 -2.1700211054353766 1.2101465273960172
729 -2.1585617089241715 0.9813881459215482
730 -2.170231870991134 0.9868594811952159
731 -2.1554167265529083 1.021111157367834
732 -2.168136965443952 0.9830909921213561
733 -2.1568125596836296 1.0469087862721747
734 -2.1704519265387616 0.8961029505926815
735 -2.154866118625787 4.99108240833901
736 -2.1582704973680813 1.0227458050385074
737 -2.1738108614890765 0.8760636506270802
738 -2.1693569821330065 0.86335467907704
739 -2.162377291844894 0.902460280989382
740 -2.1745062586006845 0.8673557150204032
741 -2.1634615679726275 0.9384304137566578
742 -2.1509547677313328 3.5776454660458756
743 -2.17661987418797 0.9703247752604428
744 -2.167087191875564 0.7979109775985543
745 -2.174981181885192 0.8828782823625456
746 -2.161605123781335 1.3532400961499786
747 -2.165162861433065 0.971816936234853
748 -2.1751758585116665 1.2021887814189165
749 -2.1707088077371615 0.8829438426957004
750 -2.1797286624355503 0.8064022073381694
751 -2.175060988466204 0.9529651414385276
752 -2.1784597465989943 1.3142650829595248
753 -2.1717347923971477 0.8018033087998997
754 -2.1763086864615513 0.897034472787266
755 -2.169350297351599 0.8066186584679198
756 -2.16169908430751 0.9782911671244143
757 -2.1784626097367443 0.8564097238114551
758 -2.1612215394920575 1.280044260526528
759 -2.1713143363646408 1.01843222296737
760 -2.1708760493771204 0.836141222158891
761 -2.174399536261556 0.7851667689979731
762 -2.167724757922036 1.5427168696222933
763 -2.163007411476783 1.301708853508253
764 -2.1643726928896725 0.8910108263166848
765 -2.1794147667622945 0.8402134650295495
766 -2.1679877801545957 1.3310931057482953
767 -2.1589403674687455 1.1445121393092523
768 -2.1761282790382723 0.7993650880657627
769 -2.1661946838505175 0.8072970818341788
770 -2.171746595929646 0.7821787159833209
771 -2.1814541293108314 0.809541820788507
772 -2.1758178647844995 1.1332951127579054
773 -2.1760670237868323 0.7692969615149138
774 -2.183649227602084 1.2649495958498935
775 -2.174769309235777 1.0769399583818295
776 -2.170274016093358 0.6913439311588916
777 -2.1610929278300715 1.1489620600621195
778 -2.174864274879609 1.1380194472497227
779 -2.171235459285352 0.8971832068526209
780 -2.1814144815781065 1.5150488594381832
781 -2.1918786258952876 0.7429805971175392
782 -2.172865948996358 0.9974479859477684
783 -2.177767923943311 0.8027371617240037
784 -2.1615741208482127 0.8413975106296678
785 -2.1817907423669713 0.7605085348386202
786 -2.1834304150140507 0.824171316590832
787 -2.166074876930102 1.9630561040816505
788 -2.171259787941468 0.7232798976578136
789 -2.165201339415578 0.9219319483738594
790 -2.171736638556262 0.6980720665483992
791 -2.180557190199317 0.9368931337400599
792 -2.174286648438455 0.8235517450356018
793 -2.1857368585421355 0.8137698241655875
794 -2.1711593961262072 1.1040747599501677
795 -2.1776241453877794 0.691686213769689
796 -2.1841477818850157 0.7636406356198585
797 -2.1755325189947725 0.6932268731190174
798 -2.182263669392566 1.0990371890344448
799 -2.1820430912061224 0.9861656828688575
800 -2.1630215386832665 0.8377261329917246
801 -2.1798416182282394 0.9379290831149694
802 -2.173584268409639 0.8237743971414307
803 -2.1706064237703426 1.296583972303872
804 -2.184558782186837 0.7204014513135746
805 -2.166482553941108 2.473896452732568
806 -2.1680865091083263 0.9892774673958304
807 -2.189035202687612 0.6809570311008656
808 -2.187033225183749 0.7317934532763974
809 -2.188481387951001 0.6457700867708842
810 -2.1725636304102145 0.7674389887302498
811 -2.1867599155086412 1.0798331306936555
812 -2.1806995063505665 0.6541865813843564
813 -2.1961194088644045 0.9335420505656368
814 -2.1824861694037625 0.6909480042625851
815 -2.1798142323179723 0.6520190467901363
816 -2.1647360559211823 0.7031487923013431
817 -2.187735294599488 0.7471233044477177
818 -2.177351122671158 0.6693374687575395
819 -2.190613169324452 0.9147904475649623
820 -2.1818659286026088 0.6399216969031779
821 -2.1828756629772506 0.7366348633945682
822 -2.176669932434601 0.7235050078052933
823 -2.1902963691317425 0.6031118771303751
824 -2.181159193780127 0.6218024133179659
825 -2.1765100872908794 1.1275127516888046
826 -2.1771237184770156 0.5937876554072805
827 -2.1783157995070788 1.0637675771239834
828 -2.1851259931219467 0.6457224912559641
829 -2.184634837863815 0.6349269267100243
830 -2.180278738737376 0.621892502570049
831 -2.1782091271481367 0.9743082666228555
832 -2.1898467695891997 0.7038448351627128
833 -2.1813010355261313 0.5707137792631376
834 -2.1847382743403805 0.6480961249908271
835 -2.1914555083558267 0.7061248613743633
836 -2.176821052960763 0.6818290156725679
837 -2.206426003196062 0.6778706543277011
838 -2.1901040140030243 0.7117800875655729
839 -2.184325358438956 0.9232065527251057
840 -2.178640226945478 0.8204024816423238
841 -2.18570352849482 1.1308870455763382
842 -2.1875227339994963 0.6040568836413199
843 -2.1891842779024357 0.6204153964070233
844 -2.1833247691865263 0.5822090231763857
845 -2.185684663396301 0.7026753849806757
846 -2.1874374961762153 0.6296588071456333
847 -2.188739865776978 0.6790655969084972
848 -2.1868382608723804 0.8406425921575547
849 -2.1814773777413996 0.8168579746768628
850 -2.1853367433431297 0.6507461739857485
851 -2.1814206565465737 0.6597253657365721
852 -2.192461458213966 1.10621878291337
853 -2.1818083331002467 0.5410349566614122
854 -2.1802067244289605 0.7453374573779942
855 -2.1892398034308664 0.6327125294095269
856 -2.1944046014429506 0.6158247127348925
857 -2.1856667546440227 0.6680315072000279
858 -2.183577174471978 0.6352123456034243
859 -2.1891744977316665 0.7757371400866206
860 -2.1919089694480007 0.5425938728268528
861 -2.190812688368681 0.7079327561452079
862 -2.173379643811303 8.003816942106408
863 -2.1949360558553233 0.6394562924064946
864 -2.182753732881716 0.6811906922182657
865 -2.184433622336795 0.5031683218820493
866 -2.1833454128894356 1.502871526536657
867 -2.1857680690281067 1.1431336776986991
868 -2.2004370172175776 0.5923961429922493
869 -2.192982758296182 0.8109020566387461
870 -2.19409185036914 0.48093485182096796
871 -2.194367035651364 0.5568962161483241
872 -2.1973322920563327 0.5266751549463391
873 -2.193773749057057 0.6001897579438616
874 -2.1924645983773576 0.44722901188496755
875 -2.192842784125256 0.5284214939796181
876 -2.19099891392441 0.8062618117136183
877 -2.1960022276558435 0.5746053369538188
878 -2.1921509526058376 0.5079115721696476
879 -2.184322419910326 0.9163903404360629
880 -2.1956191623535157 0.5359756692345752
881 -2.194941709089186 0.6505892406128112
882 -2.1922122726544844 0.5067945060946782
883 -2.188690304306716 0.5512609751243442
884 -2.195596707870208 0.526181802487656
885 -2.190619160743366 0.4708178572699094
886 -2.1895723760857337 0.5795216915731395
887 -2.1860936539304383 0.609783540700333
888 -2.200141138547696 0.529008068969092
889 -2.198032763795839 0.4566179241416747
890 -2.1973051570416477 0.7295379811616605
891 -2.1841913552460968 0.5719414512625601
892 -2.19536310550607 0.6261572507904695
893 -2.1960136846006515 0.5539210343135814
894 -2.192227329922422 1.3034316962588859
895 -2.1777509185105917 0.6878204061565996
896 -2.188331596720055 1.0601784326603791
897 -2.190406665235373 0.7221939630060854
898 -2.1964138789422987 0.5952778220174169
899 -2.200407450573916 0.5573242083475589
900 -2.18981791728764 0.5091693578964546
901 -2.1908233971124833 0.601426380961841
902 -2.1948848080140584 0.6001998546968613
903 -2.2001689615139397 0.491506311423339
904 -2.194350814045302 0.44251719303074527
905 -2.1966578679391127 0.5205472076802422
906 -2.191838749797122 0.8190105195762246
907 -2.195415482025954 0.7590949804688456
908 -2.1948856538617516 0.5448707178233015
909 -2.187333199270509 0.6125277377352489
910 -2.1890244951279683 0.4944757655697808
911 -2.1982315962938563 0.43846880597408194
912 -2.188254643485312 0.5106019560481351
913 -2.1984124845727235 0.49579863760324194
914 -2.2003538689622184 1.3570022841556733
915 -2.201551821847823 0.5205095080382763
916 -2.1943412693272615 0.39963650386732347
917 -2.2029335684383655 0.5703973557427354
918 -2.181777502445248 0.8995976128628071
919 -2.192037909012002 0.5449864279459921
920 -2.195815127612656 0.4334728915874237
921 -2.192145424182166 0.4711345163200883
922 -2.1900058374504123 0.6408975145267922
923 -2.195245007857562 0.4702562927347242
924 -2.1923565859851086 0.48730900839733093
925 -2.1824053680150435 0.763132169430934
926 -2.188053297188026 0.5050955772079667
927 -2.197338595858553 0.5977203078130933
928 -2.2025423147258216 0.39401295026690625
929 -2.191457327388613 0.768759967859409
930 -2.20006600846262 0.47643794158884184
931 -2.1965174150926594 0.4370318986838515
932 -2.198489787807985 0.46385491549633184
933 -2.1965533958350907 0.43307333117557306
934 -2.19120502944813 0.521155528377689
935 -2.1971490324727765 0.48456702758811615
936 -2.1957728046196774 0.7940513958609484
937 -2.2017200268006096 0.42217176541526097
938 -2.202121953985562 0.39341611012498423
939 -2.2031436279236 0.3831562463664427
940 -2.198871254207999 0.42404341377274923
941 -2.202593932342295 0.375909714126626
942 -2.208120858377677 0.37060506566284135
943 -2.200524022373123 0.4784064330871724
944 -2.192746848298682 0.4243125946888403
945 -2.1931043029978863 0.6330598589998179
946 -2.195809667656779 0.3787003692453266
947 -2.1942633820112087 0.43178470808450153
948 -2.2016598276871826 0.44206379849895155
949 -2.192718718014766 0.446410484279744
950 -2.1900155906295744 0.35115539304826815
951 -2.2036745715917654 0.4702323470888184
952 -2.181937417738139 1.5245917993719016
953 -2.1896030321538924 0.47025402429998875
954 -2.196868704884886 0.46903338192482935
955 -2.1952665534030515 0.4573859847952954
956 -2.1962584435267773 0.36662721362722184
957 -2.203055328826611 0.33606837442057347
958 -2.198949996011941 0.35210985812487783
959 -2.197781807100774 0.8466422371639706
960 -2.1935077312049036 0.35774522072075926
961 -2.196985515350001 0.49461988186620987
962 -2.201328949267238 0.44427213652819336
963 -2.1967462513558464 0.4096332773711269
964 -2.196779539290454 0.36624705257488815
965 -2.1968290745108807 0.4190055175852504
966 -2.198961362062791 0.36957309904266555
967 -2.197981203191416 0.4382312494608577
